name: wine_quality_predictor
channels:
  - conda-forge
  - defaults
dependencies:
  - altair=4.1.0=py_1
  - attrs=21.2.0=pyhd8ed1ab_0
  - backcall=0.2.0=pyh9f0ad1d_0
  - backports=1.0=py_2
  - backports.functools_lru_cache=1.6.4=pyhd8ed1ab_0
  - bzip2=1.0.8=h8ffe710_4
  - ca-certificates=2021.10.8=h5b45459_0
  - colorama=0.4.4=pyh9f0ad1d_0
  - debugpy=1.5.1=py310h8a704f9_0
  - decorator=5.1.0=pyhd8ed1ab_0
  - entrypoints=0.3=pyhd8ed1ab_1003
  - importlib-metadata=4.8.2=py310h5588dad_0
  - importlib_resources=5.4.0=pyhd8ed1ab_0
  - intel-openmp=2021.4.0=h57928b3_3556
  - ipykernel=6.5.0=py310hbbfc1a7_1
  - ipython=7.29.0=py310hbbfc1a7_2
  - jedi=0.18.1=py310h5588dad_0
  - jinja2=3.0.3=pyhd8ed1ab_0
  - joblib=1.1.0=pyhd8ed1ab_0
  - jsonschema=4.2.1=pyhd8ed1ab_0
  - jupyter_client=7.1.0=pyhd8ed1ab_0
  - jupyter_core=4.9.1=py310h5588dad_1
  - libblas=3.9.0=12_win64_mkl
  - libcblas=3.9.0=12_win64_mkl
  - libffi=3.4.2=h8ffe710_5
  - liblapack=3.9.0=12_win64_mkl
  - libsodium=1.0.18=h8d14728_1
  - libzlib=1.2.11=h8ffe710_1013
  - m2w64-gcc-libgfortran=5.3.0=6
  - m2w64-gcc-libs=5.3.0=7
  - m2w64-gcc-libs-core=5.3.0=7
  - m2w64-gmp=6.1.0=2
  - m2w64-libwinpthread-git=5.0.0.4634.697f757=2
  - markupsafe=2.0.1=py310he2412df_1
  - matplotlib-inline=0.1.3=pyhd8ed1ab_0
  - mkl=2021.4.0=h0e2418a_729
  - msys2-conda-epoch=20160418=1
  - nest-asyncio=1.5.1=pyhd8ed1ab_0
  - numpy=1.21.4=py310h5ebf175_0
  - openssl=3.0.0=h8ffe710_2
  - pandas=1.3.4=py310hf5e1058_1
  - parso=0.8.2=pyhd8ed1ab_0
  - pickleshare=0.7.5=py_1003
  - pip=21.3.1=pyhd8ed1ab_0
  - prompt-toolkit=3.0.22=pyha770c72_0
  - pygments=2.10.0=pyhd8ed1ab_0
  - pyrsistent=0.18.0=py310he2412df_0
  - python=3.10.0=hcf16a7b_3_cpython
  - python-dateutil=2.8.2=pyhd8ed1ab_0
  - python_abi=3.10=2_cp310
  - pytz=2021.3=pyhd8ed1ab_0
  - pywin32=302=py310he2412df_2
  - pyzmq=22.3.0=py310h73ada01_1
  - scikit-learn=1.0.1=py310h4dafddf_2
  - scipy=1.7.2=py310h33db832_0
  - setuptools=59.2.0=py310h5588dad_0
  - six=1.16.0=pyh6c4a22f_0
  - sqlite=3.36.0=h8ffe710_2
  - tbb=2021.4.0=h2d74725_1
  - threadpoolctl=3.0.0=pyh8a188c0_0
  - tk=8.6.11=h8ffe710_1
  - toolz=0.11.2=pyhd8ed1ab_0
  - tornado=6.1=py310he2412df_2
  - traitlets=5.1.1=pyhd8ed1ab_0
  - tzdata=2021e=he74cb21_0
  - ucrt=10.0.20348.0=h57928b3_0
  - vc=14.2=hb210afc_5
  - vega_datasets=0.9.0=pyhd3deb0d_0
  - vs2015_runtime=14.29.30037=h902a5da_5
  - wcwidth=0.2.5=pyh9f0ad1d_2
  - wheel=0.37.0=pyhd8ed1ab_1
  - xz=5.2.5=h62dcd97_1
  - zeromq=4.3.4=h0e60522_1
  - zipp=3.6.0=pyhd8ed1ab_0
prefix: C:\Users\gfair\miniconda3\envs\wine_quality_predictor
